18605770000
18605870000
18606630000
18606640000
18606650000
18606660000
18606670000
18657700000
18657710000
18657720000
18657730000
18657740000
18657750000
18657760000
18657770000
18657780000
18657790000
18658350000
18658360000
18658370000
18658380000
18658390000
18658700000
18658710000
18658720000
18658730000
18658740000
18658750000
18658760000
18658770000
18658780000
18658790000
18667000000
18667010000
18667020000
18667030000
18667040000
18667050000
18667060000
18667070000
18667080000
18667090000
18667700000
18667710000
18667720000
18667730000
18667740000
18667750000
18667760000
18667770000
18667780000
18667790000
18668200000
18668210000
18668220000
18668230000
18668240000
18668700000
18668710000
18668720000
18668730000
18668740000
18668750000
18668760000
18668770000
18668780000
18668790000
